"rownames(output.data)"	"dprime"	"dprime.hosei"	"degree"	"degree.st"	"betweenness"	"class"	"individuals"
"Argiope_amoena"	0.303175318052977	0.696824681947023	4	0.0265	0.005	"spider"	2
"Diaea_subdola"	0.534602704408252	0.465397295591748	4	0.0265	0.0173	"spider"	1
"Ebrechtella_tricuspidata"	0.240871498763918	0.759128501236082	28	0.1854	0.2184	"spider"	7
"Leucauge_blanda"	0.565972215045064	0.434027784954936	20	0.1325	0.1552	"spider"	4
"Neriene_radiata"	0.709735201376548	0.290264798623452	2	0.0132	0.0132	"spider"	1
"Oxyopes_sertatus"	0.268113912526037	0.731886087473963	82	0.543	0.6046	"spider"	63
"Oxytate_striatipes"	0.372103707056585	0.627896292943415	14	0.0927	0.0906	"spider"	1
"Pardosa_sp."	0.223620815762615	0.776379184237385	5	0.0331	0.02	"spider"	2
"Tetragnatha_caudicula"	0.513297700747238	0.486702299252762	23	0.1523	0.1215	"spider"	26
"Tetragnatha_praedonia"	0.333451107044708	0.666548892955292	6	0.0397	0.0211	"spider"	4
"Xysticus_sp."	0.29107187170297	0.70892812829703	47	0.3113	0.3191	"spider"	11
"H_0001_Hymenoptera_Formicidae"	0.143993696519266	0.856006303480734	1	0.0066	0	"prey"	1
"H_0005_Diptera_Diptera"	0.143993696519266	0.856006303480734	1	0.0066	0	"prey"	1
"H_0011_Diptera_Diptera"	0.127684718021978	0.872315281978022	4	0.0265	0.015	"prey"	7
"H_0015_Diptera_Diptera"	0.257499761760586	0.742500238239414	3	0.0199	0.0022	"prey"	5
"H_0017_Hemiptera_Bothrogonia"	0.162668124906048	0.837331875093952	1	0.0066	0	"prey"	6
"H_0022_Hymenoptera_Nylanderia"	0	1	1	0.0066	0	"prey"	1
"H_0024_Diptera_Diptera"	0.0342297655955907	0.965770234404409	7	0.0464	0.0016	"prey"	34
"H_0028_Diptera_Exorista"	0.143993696519266	0.856006303480734	1	0.0066	0	"prey"	1
"H_0031_Diptera_Diptera"	0.116201302201137	0.883798697798863	5	0.0331	0.0187	"prey"	7
"H_0034_Hymenoptera_Pteromalus.puparum"	0	1	1	0.0066	0	"prey"	1
"H_0035_Hemiptera_Aphididae"	0.0785212201108687	0.921478779889131	3	0.0199	0	"prey"	6
"H_0038_Coleoptera_Propylea"	0.143993696519266	0.856006303480734	1	0.0066	0	"prey"	1
"H_0041_Diptera_Culex"	0.107319017579209	0.892680982420791	3	0.0199	0.0045	"prey"	6
"H_0042_Diptera_Chironomus"	0.0988440272590477	0.901155972740952	3	0.0199	0.026	"prey"	5
"H_0044_Diptera_Diptera"	0.394241979478049	0.605758020521951	1	0.0066	0	"prey"	1
"H_0046_Collembola_Homidia"	0.0778082819800667	0.922191718019933	4	0.0265	0	"prey"	16
"H_0069_Hymenoptera_Formicidae"	0	1	1	0.0066	0	"prey"	1
"H_0070_Diptera_Diptera"	0.394241979478049	0.605758020521951	1	0.0066	0	"prey"	1
"H_0071_Hemiptera_Orius"	0.394241979478049	0.605758020521951	1	0.0066	0	"prey"	1
"H_0074_Diptera_Scaptomyza"	0.103982523386919	0.896017476613081	4	0.0265	0.0233	"prey"	7
"H_0075_Hemiptera_Sitobion.avenae"	0.0477346819467295	0.952265318053271	4	0.0265	0.0373	"prey"	7
"H_0076_Coleoptera_Coccinella"	0.143993696519266	0.856006303480734	1	0.0066	0	"prey"	1
"H_0087_Diptera_Diptera"	0.196089231462784	0.803910768537216	3	0.0199	0.0127	"prey"	5
"H_0092_Diptera_Rhopalomyia"	0.394241979478049	0.605758020521951	1	0.0066	0	"prey"	1
"H_0093_Hymenoptera_Trichogramma"	0	1	1	0.0066	0	"prey"	1
"H_0097_Diptera_Diptera"	0.277905429442664	0.722094570557336	1	0.0066	0	"prey"	1
"H_0106_Hemiptera_Rhopalosiphum.padi"	0	1	1	0.0066	0	"prey"	1
"H_0109_Diptera_Scaptomyza"	0.14616533223948	0.85383466776052	2	0.0132	0	"prey"	3
"H_0113_Diptera_Limoniidae"	0.310276535637509	0.689723464362491	5	0.0331	0.0024	"prey"	25
"H_0118_Orthoptera_Tettigoniidae"	0.143993696519266	0.856006303480734	1	0.0066	0	"prey"	1
"H_0128_Hemiptera_Cicadellidae"	0.0604425127572084	0.939557487242792	2	0.0132	0.0095	"prey"	2
"H_0130_Diptera_Diptera"	0.394241979478049	0.605758020521951	1	0.0066	0	"prey"	1
"H_0135_Coleoptera_Chrysomelidae"	0	1	1	0.0066	0	"prey"	1
"H_0140_Orthoptera_Polionemobius"	0.143993696519266	0.856006303480734	1	0.0066	0	"prey"	1
"H_0159_Diptera_Sciaridae"	0.394241979478049	0.605758020521951	1	0.0066	0	"prey"	1
"H_0165_Diptera_Bradysia"	0.269477271782537	0.730522728217463	3	0.0199	0.009	"prey"	4
"H_0179_Hemiptera_Pseudoregma.panicola"	0	1	1	0.0066	0	"prey"	1
"H_0180_Hemiptera_Bemisia"	0	1	1	0.0066	0	"prey"	1
"H_0187_Diptera_Diptera"	0.00553582584041508	0.994464174159585	9	0.0596	0.0284	"prey"	38
"H_0193_Diptera_Pipunculidae"	0.256175381194859	0.743824618805141	1	0.0066	0	"prey"	1
"H_0197_Diptera_Sciara"	0.409328153407995	0.590671846592005	3	0.0199	0.0226	"prey"	3
"H_0199_Hemiptera_Cicadellidae"	0.0667183991214369	0.933281600878563	1	0.0066	0	"prey"	2
"H_0201_Diptera_Trichocera"	0.143993696519266	0.856006303480734	1	0.0066	0	"prey"	1
"H_0205_Diptera_Diptera"	0	1	1	0.0066	0	"prey"	1
"H_0209_Diptera_Drosophilidae"	0.0667183991214369	0.933281600878563	1	0.0066	0	"prey"	2
"H_0215_Hemiptera_Cicadellidae"	0.0559881861268705	0.944011813873129	2	0.0132	0	"prey"	3
"H_0216_Hymenoptera_Hymenoptera"	0.143993696519266	0.856006303480734	1	0.0066	0	"prey"	1
"H_0223_Hemiptera_Cicadellidae"	0.324531327333761	0.675468672666239	2	0.0132	0.0045	"prey"	2
"H_0226_Hemiptera_Aphididae"	0.0758703732623302	0.92412962673767	2	0.0132	0	"prey"	7
"H_0227_Hemiptera_Cicadellidae"	0.143993696519266	0.856006303480734	1	0.0066	0	"prey"	1
"H_0232_Coleoptera_Chrysomelidae"	0	1	1	0.0066	0	"prey"	1
"H_0236_Diptera_Diptera"	0	1	1	0.0066	0	"prey"	1
"H_0257_Diptera_Diptera"	0.149733020260483	0.850266979739517	2	0.0132	0.02	"prey"	2
"H_0268_Hemiptera_Aphis"	0.181649699333385	0.818350300666615	4	0.0265	0.03	"prey"	8
"H_0271_Diptera_Diptera"	0	1	1	0.0066	0	"prey"	1
"H_0276_Diptera_Diptera"	0.0474386818781609	0.952561318121839	5	0.0331	0.0425	"prey"	7
"H_0278_Diptera_Sciara"	0.104613853491462	0.895386146508538	3	0.0199	0.1178	"prey"	3
"H_0279_Hymenoptera_Aphidius"	0.284564611343697	0.715435388656303	2	0.0132	0.011	"prey"	2
"H_0280_Hemiptera_Delphacidae"	0.245967917979803	0.754032082020197	3	0.0199	0.0085	"prey"	4
"H_0287_Diptera_Mycetophilidae"	0	1	1	0.0066	0	"prey"	1
"H_0289_Diptera_Diptera"	0.0829730606623823	0.917026939337618	5	0.0331	0.0058	"prey"	12
"H_0292_Diptera_Ephydridae"	0.256175381194859	0.743824618805141	1	0.0066	0	"prey"	1
"H_0298_Diptera_Megaselia"	0.0604425127572084	0.939557487242792	2	0.0132	0.0095	"prey"	2
"H_0301_Diptera_Diptera"	0	1	1	0.0066	0	"prey"	1
"H_0309_Hemiptera_Geisha.distinctissima"	0.143993696519266	0.856006303480734	1	0.0066	0	"prey"	1
"H_0310_Diptera_Megaselia"	0.0604425127572084	0.939557487242792	2	0.0132	0.0095	"prey"	2
"H_0321_Diptera_Bradysia"	0.0667183991214369	0.933281600878563	1	0.0066	0	"prey"	2
"H_0332_Lepidoptera_Lepidoptera"	0	1	1	0.0066	0	"prey"	1
"H_0334_Diptera_Diptera"	0.0604425127572084	0.939557487242792	2	0.0132	0.0095	"prey"	2
"H_0344_Diptera_Dolichopodidae"	0	1	1	0.0066	0	"prey"	1
"H_0346_Hemiptera_Miridae"	0.490150504532837	0.509849495467163	1	0.0066	0	"prey"	1
"H_0348_Diptera_Drosophilidae"	0.256175381194859	0.743824618805141	1	0.0066	0	"prey"	1
"H_0356_Hemiptera_Cicadellidae"	0	1	2	0.0132	0.0674	"prey"	2
"H_0367_Diptera_Diptera"	0.0667183991214369	0.933281600878563	1	0.0066	0	"prey"	2
"H_0370_Hymenoptera_Hymenoptera"	0.136412336130747	0.863587663869253	3	0.0199	0	"prey"	11
"H_0372_Diptera_Diptera"	0.0604425127572084	0.939557487242792	2	0.0132	0.0095	"prey"	2
"H_0394_Hymenoptera_Eulophidae"	0.394241979478049	0.605758020521951	1	0.0066	0	"prey"	1
"H_0400_Hemiptera_Aphididae"	0.00448032391340871	0.995519676086591	2	0.0132	0	"prey"	3
"H_0404_Diptera_Dasineura"	0.0714223549793403	0.92857764502066	3	0.0199	0	"prey"	5
"H_0406_Diptera_Diptera"	0.257150275190349	0.742849724809651	1	0.0066	0	"prey"	3
"H_0431_Hemiptera_Aphididae"	0.274702458990035	0.725297541009965	2	0.0132	0.0175	"prey"	2
"H_0434_Lepidoptera_Geometridae"	0.277905429442664	0.722094570557336	1	0.0066	0	"prey"	1
"H_0457_Hemiptera_Empoascanara"	0	1	1	0.0066	0	"prey"	1
"H_0460_Hemiptera_Hemiptera"	0.0667183991214369	0.933281600878563	1	0.0066	0	"prey"	2
"H_0468_Hemiptera_Aphididae"	0.490150504532837	0.509849495467163	1	0.0066	0	"prey"	1
"H_0476_Diptera_Diptera"	0.284564611343697	0.715435388656303	2	0.0132	0.011	"prey"	2
"H_0478_Diptera_Diptera"	0	1	1	0.0066	0	"prey"	1
"H_0485_Diptera_Phoridae"	0.394241979478049	0.605758020521951	1	0.0066	0	"prey"	1
"H_0501_Diptera_Diptera"	0.256175381194859	0.743824618805141	1	0.0066	0	"prey"	1
"H_0519_Diptera_Diptera"	0.143993696519266	0.856006303480734	1	0.0066	0	"prey"	1
"H_0522_Lepidoptera_Pelopidas.mathias"	0.277905429442664	0.722094570557336	1	0.0066	0	"prey"	1
"H_0527_Diptera_Diptera"	0.256175381194859	0.743824618805141	1	0.0066	0	"prey"	1
"H_0543_Hymenoptera_Braconidae"	0	1	1	0.0066	0	"prey"	1
"H_0552_Hemiptera_Saldula"	0	1	1	0.0066	0	"prey"	1
"H_0554_Hemiptera_Hemiptera"	0.314523232832806	0.685476767167194	2	0.0132	0	"prey"	3
"H_0563_Hemiptera_Aphididae"	0.149733020260483	0.850266979739517	2	0.0132	0.02	"prey"	2
"H_0570_Diptera_Paratanytarsus"	0.490150504532837	0.509849495467163	1	0.0066	0	"prey"	1
"H_0575_Hemiptera_Hemiptera"	0.143993696519266	0.856006303480734	1	0.0066	0	"prey"	1
"H_0576_Coleoptera_Chrysomelidae"	0	1	1	0.0066	0	"prey"	1
"H_0584_Hemiptera_Anoecia"	0	1	2	0.0132	0.0674	"prey"	2
"H_0589_Hemiptera_Aphididae"	0.264088814576553	0.735911185423447	2	0.0132	0.0081	"prey"	2
"H_0625_Coleoptera_Atomaria"	0	1	1	0.0066	0	"prey"	1
"H_0643_Diptera_Ephydridae"	0.0604425127572084	0.939557487242792	2	0.0132	0.0095	"prey"	2
"H_0660_Diptera_Mycetophilidae"	0	1	1	0.0066	0	"prey"	1
"H_0662_Diptera_Diptera"	0.201551124940438	0.798448875059562	2	0.0132	0	"prey"	3
"H_0674_Diptera_Dolichosciara"	0.394241979478049	0.605758020521951	1	0.0066	0	"prey"	1
"H_0675_Orthoptera_Tettigoniidae"	0.277905429442664	0.722094570557336	1	0.0066	0	"prey"	1
"H_0678_Hemiptera_Anoecia"	0	1	1	0.0066	0	"prey"	1
"H_0686_Hemiptera_Cicadellidae"	0	1	1	0.0066	0	"prey"	1
"H_0697_Hemiptera_Anoecia"	0.0909928970874746	0.909007102912525	1	0.0066	0	"prey"	3
"H_0727_Hymenoptera_Athalia"	0.143993696519266	0.856006303480734	1	0.0066	0	"prey"	1
"H_0732_Coleoptera_Coleoptera"	0.0721504731273065	0.927849526872694	2	0.0132	0.026	"prey"	2
"H_0767_Hemiptera_Cicadellidae"	0	1	1	0.0066	0	"prey"	1
"H_0783_Hemiptera_Tuberculatus"	0.394241979478049	0.605758020521951	1	0.0066	0	"prey"	1
"H_0789_Diptera_Diptera"	0.143993696519266	0.856006303480734	1	0.0066	0	"prey"	1
"H_0799_Hemiptera_Aphididae"	0.0338343715320925	0.966165628467908	2	0.0132	0	"prey"	4
"H_0824_Hymenoptera_Hymenoptera"	0	1	1	0.0066	0	"prey"	1
"H_0835_Coleoptera_Coleoptera"	0	1	1	0.0066	0	"prey"	1
"H_0836_Diptera_Culicidae"	0	1	1	0.0066	0	"prey"	1
"H_0838_Diptera_Diptera"	0.732176534153204	0.267823465846796	1	0.0066	0	"prey"	1
"H_0865_Coleoptera_Coleoptera"	0	1	1	0.0066	0	"prey"	1
"H_0907_Hymenoptera_Hymenoptera"	0	1	1	0.0066	0	"prey"	1
"H_0908_Lepidoptera_Ctenoplusia"	0.143993696519266	0.856006303480734	1	0.0066	0	"prey"	1
"H_0930_Hymenoptera_Hymenoptera"	0	1	1	0.0066	0	"prey"	1
"H_0949_Diptera_Cecidomyiidae"	0	1	1	0.0066	0	"prey"	1
"H_0960_Hemiptera_Aphididae"	0.12513802223429	0.87486197776571	4	0.0265	0.0013	"prey"	11
"H_0964_Diptera_Diptera"	0.143993696519266	0.856006303480734	1	0.0066	0	"prey"	1
"H_0969_Hemiptera_Hemiptera"	0.866088267076602	0.133911732923398	1	0.0066	0	"prey"	1
"H_0972_Hemiptera_Hemiptera"	0	1	1	0.0066	0	"prey"	1
"H_0974_Diptera_Diptera"	0.653843191986429	0.346156808013571	1	0.0066	0	"prey"	1
"H_1002_Hemiptera_Aphididae"	0.0667183991214369	0.933281600878563	1	0.0066	0	"prey"	2
"H_1004_Diptera_Diptera"	0	1	1	0.0066	0	"prey"	1
"H_1007_Diptera_Cecidomyiidae"	0	1	1	0.0066	0	"prey"	1
"H_1009_Coleoptera_Cantharidae"	0.143993696519266	0.856006303480734	1	0.0066	0	"prey"	1
"H_1046_Lepidoptera_Vanessa.cardui"	0	1	1	0.0066	0	"prey"	1
"H_1060_Diptera_Sphaeroceridae"	0.256175381194859	0.743824618805141	1	0.0066	0	"prey"	1
"H_1093_Diptera_Corynoptera"	0	1	1	0.0066	0	"prey"	1
"H_1137_Lepidoptera_Lepidoptera"	0.394241979478049	0.605758020521951	1	0.0066	0	"prey"	1
"H_1161_Hymenoptera_Diapriidae"	0.143993696519266	0.856006303480734	1	0.0066	0	"prey"	1
"H_1205_Hemiptera_Aphididae"	0.0819285913099704	0.91807140869003	2	0.0132	0	"prey"	6
"H_1208_Diptera_Cecidomyiidae"	0	1	1	0.0066	0	"prey"	1
