"rownames(output.data)"	"dprime"	"dprime.hosei"	"degree"	"degree.st"	"betweenness"	"class"	"individuals"
"Allagelena_opulenta"	0.0167470213690409	0.983252978630959	2	0.0074	7e-04	"spider"	1
"Araneus_abscissus"	0.458967687767956	0.541032312232044	2	0.0074	3e-04	"spider"	1
"Argiope_amoena"	0.719006271704112	0.280993728295888	5	0.0185	0.0155	"spider"	2
"Argyrodes_bonadea"	0.639081327941837	0.360918672058163	3	0.0111	0.0078	"spider"	1
"Cheiracanthium_japonicum"	0.176452134220794	0.823547865779205	3	0.0111	0.008	"spider"	2
"Clubiona_sp."	0.272003243510321	0.727996756489679	7	0.0258	0.0196	"spider"	2
"Ebrechtella_tricuspidata"	0.248243042453355	0.751756957546645	105	0.3875	0.382	"spider"	16
"Hypsosinga_pygmaea"	0.573671843727257	0.426328156272743	1	0.0037	0	"spider"	1
"Larinia_argiopiformis"	0.399382033116921	0.600617966883079	12	0.0443	0.0364	"spider"	3
"Linyphiidae_sp.5"	0	1	1	0.0037	0	"spider"	1
"Lycosidae_sp.1"	0.683277611019366	0.316722388980634	2	0.0074	0	"spider"	1
"Mendoza_elongata"	0.192336826075434	0.807663173924566	10	0.0369	0.0094	"spider"	9
"Neoscona_adianta"	0.495528168228208	0.504471831771792	1	0.0037	0	"spider"	1
"Nephila_clavata"	0.362105550832543	0.637894449167457	8	0.0295	0.0156	"spider"	7
"Neriene_radiata"	1	0	2	0.0074	0	"spider"	1
"Oxyopes_sertatus"	0.186360541351997	0.813639458648003	122	0.4502	0.434	"spider"	75
"Oxytate_striatipes"	0.433149420733267	0.566850579266734	20	0.0738	0.0825	"spider"	1
"Pardosa_sp."	0.20250931893538	0.79749068106462	11	0.0406	0.0359	"spider"	2
"Salticidae_sp.2"	0.718801690492632	0.281198309507368	8	0.0295	0.0262	"spider"	3
"Salticidae_sp.6"	0	1	1	0.0037	0	"spider"	1
"Tetragnatha_caudicula"	0.253014172217047	0.746985827782953	35	0.1292	0.1266	"spider"	28
"Tetragnatha_praedonia"	0.300929972845186	0.699070027154814	7	0.0258	0.0104	"spider"	5
"Thomisus_labefactus"	0.0167470213690409	0.983252978630959	2	0.0074	7e-04	"spider"	1
"Xysticus_sp."	0.324071312543155	0.675928687456845	84	0.31	0.3249	"spider"	15
"H_0001_Hymenoptera_Formicidae"	0.205738839771062	0.794261160228938	3	0.0111	0.0095	"prey"	4
"H_0011_Diptera_Diptera"	0.0422130688036041	0.957786931196396	3	0.0111	0	"prey"	7
"H_0015_Diptera_Diptera"	0.178158685177272	0.821841314822728	2	0.0074	0	"prey"	3
"H_0021_Dermaptera_Anisolabididae"	0.145370538047883	0.854629461952117	1	0.0037	0	"prey"	1
"H_0022_Hymenoptera_Nylanderia"	0.116462802953899	0.883537197046101	4	0.0148	0.0474	"prey"	4
"H_0023_Diptera_Diptera"	0.0883654134635063	0.911634586536494	1	0.0037	0	"prey"	1
"H_0031_Diptera_Diptera"	0.175413600257026	0.824586399742974	3	0.0111	0.0119	"prey"	6
"H_0035_Hemiptera_Aphididae"	0.273430082756724	0.726569917243276	1	0.0037	0	"prey"	1
"H_0036_Diptera_Chironomus"	0.0769456960642343	0.923054303935766	12	0.0443	0.0373	"prey"	57
"H_0039_Blattodea_Blattella.bisignata"	0.461510834391764	0.538489165608236	2	0.0074	0.0028	"prey"	2
"H_0040_Lepidoptera_Lepidoptera"	0.0361877439708831	0.963812256029117	4	0.0148	0	"prey"	26
"H_0041_Diptera_Culex"	0.0539072268036341	0.946092773196366	2	0.0074	0	"prey"	5
"H_0042_Diptera_Chironomus"	0.077607990715742	0.922392009284258	15	0.0554	0.019	"prey"	96
"H_0043_Orthoptera_Conocephalus"	0.0645327872239583	0.935467212776042	2	0.0074	0	"prey"	3
"H_0044_Diptera_Diptera"	0.196759400405052	0.803240599594948	4	0.0148	0.0194	"prey"	5
"H_0046_Collembola_Homidia"	0.0337779684892232	0.966222031510777	10	0.0369	0.0026	"prey"	66
"H_0048_Hemiptera_Tropidocephala"	0.726569917243277	0.273430082756723	1	0.0037	0	"prey"	1
"H_0052_Diptera_Drosophila"	0.646720219253834	0.353279780746166	1	0.0037	0	"prey"	1
"H_0063_Diptera_Diptera"	0.0883654134635063	0.911634586536494	1	0.0037	0	"prey"	1
"H_0065_Diptera_Chironomidae"	0.155390489252367	0.844609510747633	3	0.0111	0.0027	"prey"	4
"H_0066_Diptera_Chironomus"	0.0407218606074762	0.959278139392524	6	0.0221	0.0045	"prey"	27
"H_0075_Hemiptera_Sitobion.avenae"	0.0362187443210857	0.963781255678914	6	0.0221	0.0064	"prey"	25
"H_0079_Hemiptera_Nysius"	0.0325888325202177	0.967411167479782	2	0.0074	0	"prey"	3
"H_0083_Lepidoptera_Cupido.argiades"	0.0883654134635063	0.911634586536494	1	0.0037	0	"prey"	1
"H_0087_Diptera_Diptera"	0.119892879121451	0.880107120878549	4	0.0148	0.0153	"prey"	8
"H_0090_Diptera_Coboldia"	0.163377321933548	0.836622678066452	2	0.0074	0	"prey"	3
"H_0092_Diptera_Rhopalomyia"	0.145370538047883	0.854629461952117	1	0.0037	0	"prey"	1
"H_0093_Hymenoptera_Trichogramma"	0.169428440757132	0.830571559242868	1	0.0037	0	"prey"	2
"H_0103_Orthoptera_Trigonidium"	0.0800418742504155	0.919958125749585	4	0.0148	0.0329	"prey"	6
"H_0105_Diptera_Sciaridae"	0.0769783312164727	0.923021668783527	1	0.0037	0	"prey"	2
"H_0113_Diptera_Limoniidae"	0.145370538047883	0.854629461952117	1	0.0037	0	"prey"	1
"H_0118_Orthoptera_Tettigoniidae"	0.140911086460323	0.859088913539677	5	0.0185	0.0281	"prey"	7
"H_0125_Hemiptera_Cicadellidae"	0.0367638709192017	0.963236129080798	3	0.0111	0	"prey"	8
"H_0129_Diptera_Cecidomyiidae"	0.23462843221093	0.76537156778907	6	0.0221	0.0338	"prey"	10
"H_0130_Diptera_Diptera"	0.143034701654004	0.856965298345996	2	0.0074	0.0154	"prey"	2
"H_0131_Collembola_Collembola"	0.62670986350289	0.37329013649711	1	0.0037	0	"prey"	1
"H_0132_Hemiptera_Cicadellidae"	0.222641360701215	0.777358639298785	2	0.0074	0	"prey"	7
"H_0137_Diptera_Austrosciara"	0.0298200947952393	0.970179905204761	2	0.0074	0.0084	"prey"	2
"H_0139_Hymenoptera_Formicidae"	0.107105932671247	0.892894067328753	4	0.0148	0.0045	"prey"	8
"H_0140_Orthoptera_Polionemobius"	0.0411727754924399	0.95882722450756	3	0.0111	0.0104	"prey"	4
"H_0141_Diptera_Cecidomyiidae"	0.0298200947952393	0.970179905204761	2	0.0074	0.0084	"prey"	2
"H_0143_Diptera_Diptera"	0	1	1	0.0037	0	"prey"	1
"H_0146_Lepidoptera_Lepidoptera"	0.0802680599250712	0.919731940074929	3	0.0111	0.0104	"prey"	5
"H_0147_Diptera_Cecidomyiidae"	0.0968096468836746	0.903190353116325	2	0.0074	0.0155	"prey"	2
"H_0150_Diptera_Gymnopternus"	0.491050063412499	0.508949936587501	1	0.0037	0	"prey"	1
"H_0155_Hemiptera_Hemiptera"	0.229068630347611	0.770931369652389	1	0.0037	0	"prey"	2
"H_0157_Hemiptera_Aphrophora"	0.0883654134635063	0.911634586536494	1	0.0037	0	"prey"	1
"H_0160_Orthoptera_Atractomorpha"	0	1	1	0.0037	0	"prey"	1
"H_0174_Diptera_Diptera"	0.353684086628032	0.646315913371968	2	0.0074	0.002	"prey"	2
"H_0178_Diptera_Drosophila"	0.672160219365792	0.327839780634208	2	0.0074	0.0011	"prey"	2
"H_0180_Hemiptera_Bemisia"	0.14920112715733	0.85079887284267	2	0.0074	0	"prey"	4
"H_0181_Diptera_Sciaridae"	0.23443319589377	0.76556680410623	2	0.0074	0	"prey"	3
"H_0186_Hemiptera_Aphis.spiraecola"	0.0883654134635063	0.911634586536494	1	0.0037	0	"prey"	1
"H_0193_Diptera_Pipunculidae"	0	1	1	0.0037	0	"prey"	1
"H_0195_Diptera_Tipulidae"	0.0631403634637051	0.936859636536295	4	0.0148	0.0194	"prey"	8
"H_0196_Diptera_Cecidomyiidae"	0.0669362422077861	0.933063757792214	7	0.0258	0.0081	"prey"	16
"H_0199_Hemiptera_Cicadellidae"	0.189789046172961	0.810210953827039	3	0.0111	0.0073	"prey"	7
"H_0203_Ephemeroptera_Cloeon"	0.0753701031744237	0.924629896825576	5	0.0185	0.0053	"prey"	13
"H_0205_Diptera_Diptera"	0.295159175927649	0.704840824072351	2	0.0074	0.0038	"prey"	2
"H_0206_Collembola_Homidia"	0	1	1	0.0037	0	"prey"	1
"H_0207_Coleoptera_Curculionidae"	0.0298200947952393	0.970179905204761	2	0.0074	0.0084	"prey"	2
"H_0208_Lepidoptera_Sesamia"	0.0883654134635063	0.911634586536494	1	0.0037	0	"prey"	1
"H_0214_Coleoptera_Rhinoncus"	0.145370538047883	0.854629461952117	1	0.0037	0	"prey"	1
"H_0218_Coleoptera_Chaetocnema"	0	1	1	0.0037	0	"prey"	1
"H_0219_Lepidoptera_Eurema.hecabe"	0.0883654134635063	0.911634586536494	1	0.0037	0	"prey"	1
"H_0224_Diptera_Cecidomyiidae"	0.0883654134635063	0.911634586536494	1	0.0037	0	"prey"	1
"H_0227_Hemiptera_Cicadellidae"	0.161679087582751	0.838320912417249	3	0.0111	0.0185	"prey"	3
"H_0229_Orthoptera_Tettigoniidae"	0.0883654134635063	0.911634586536494	1	0.0037	0	"prey"	1
"H_0232_Coleoptera_Chrysomelidae"	0.032566430081498	0.967433569918502	3	0.0111	0	"prey"	11
"H_0236_Diptera_Diptera"	0.288801374236405	0.711198625763595	2	0.0074	0	"prey"	4
"H_0240_Lepidoptera_Lepidoptera"	0.145370538047883	0.854629461952117	1	0.0037	0	"prey"	1
"H_0248_Diptera_Cecidomyiidae"	0.0883654134635063	0.911634586536494	1	0.0037	0	"prey"	1
"H_0252_Hymenoptera_Lasius"	0.117920504881846	0.882079495118154	1	0.0037	0	"prey"	3
"H_0255_Hymenoptera_Formica"	0.145370538047883	0.854629461952117	1	0.0037	0	"prey"	1
"H_0257_Diptera_Diptera"	0	1	1	0.0037	0	"prey"	1
"H_0268_Hemiptera_Aphis"	0.0368450640204518	0.963154935979548	7	0.0258	0.0031	"prey"	58
"H_0269_Hemiptera_Bemisia"	0.169428440757132	0.830571559242868	1	0.0037	0	"prey"	2
"H_0273_Hemiptera_Hemiptera"	0.229068630347611	0.770931369652389	1	0.0037	0	"prey"	2
"H_0280_Hemiptera_Delphacidae"	0.163377321933548	0.836622678066452	2	0.0074	0	"prey"	3
"H_0281_Hymenoptera_Hymenoptera"	0	1	1	0.0037	0	"prey"	1
"H_0283_Diptera_Diptera"	0.0250274187513236	0.974972581248676	3	0.0111	0.0084	"prey"	4
"H_0294_Diptera_Cecidomyiidae"	0	1	2	0.0074	0.0104	"prey"	2
"H_0295_Diptera_Diptera"	0.0481834739133469	0.951816526086653	5	0.0185	0.0208	"prey"	8
"H_0296_Diptera_Sciaridae"	0.0883654134635063	0.911634586536494	1	0.0037	0	"prey"	1
"H_0307_Diptera_Cecidomyiidae"	0.120351378004955	0.879648621995045	5	0.0185	0.0166	"prey"	10
"H_0309_Hemiptera_Geisha.distinctissima"	0.263780628111875	0.736219371888125	2	0.0074	0.0031	"prey"	2
"H_0315_Hymenoptera_Formicidae"	0.103125421182066	0.896874578817934	2	0.0074	0	"prey"	4
"H_0316_Hemiptera_Delphacidae"	0.558320481275438	0.441679518724562	2	0.0074	3e-04	"prey"	2
"H_0317_Hemiptera_Cicadellidae"	0.213752368993068	0.786247631006932	1	0.0037	0	"prey"	3
"H_0332_Lepidoptera_Lepidoptera"	0.0883654134635063	0.911634586536494	1	0.0037	0	"prey"	1
"H_0333_Diptera_Diptera"	0.0883654134635063	0.911634586536494	1	0.0037	0	"prey"	1
"H_0337_Orthoptera_Loxoblemmus.equestris"	0.117084002689925	0.882915997310075	2	0.0074	0	"prey"	3
"H_0346_Hemiptera_Miridae"	0.0883654134635063	0.911634586536494	1	0.0037	0	"prey"	1
"H_0348_Diptera_Drosophilidae"	0	1	1	0.0037	0	"prey"	1
"H_0358_Hymenoptera_Aphaenogaster"	0	1	1	0.0037	0	"prey"	1
"H_0360_Diptera_Cecidomyiidae"	0.0930171894247909	0.906982810575209	7	0.0258	0.0107	"prey"	17
"H_0363_Diptera_Diptera"	0.592617585420487	0.407382414579513	1	0.0037	0	"prey"	1
"H_0364_Diptera_Diptera"	0.273430082756724	0.726569917243276	1	0.0037	0	"prey"	1
"H_0366_Diptera_Cecidomyiidae"	0	1	1	0.0037	0	"prey"	1
"H_0368_Diptera_Megaselia"	0	1	1	0.0037	0	"prey"	1
"H_0375_Diptera_Phoridae"	0.0883654134635063	0.911634586536494	1	0.0037	0	"prey"	1
"H_0377_Diptera_Sciaridae"	0.0411727754924399	0.95882722450756	3	0.0111	0.0104	"prey"	4
"H_0386_Diptera_Cecidomyiidae"	0.165655438111808	0.834344561888192	4	0.0148	0.013	"prey"	6
"H_0395_Hemiptera_Cicadellidae"	0	1	1	0.0037	0	"prey"	1
"H_0397_Neuroptera_Neuroptera"	0	1	1	0.0037	0	"prey"	1
"H_0401_Lepidoptera_Crambidae"	0.0298200947952393	0.970179905204761	2	0.0074	0.0084	"prey"	2
"H_0406_Diptera_Diptera"	0.0705009724513976	0.929499027548602	4	0.0148	0.0041	"prey"	6
"H_0407_Diptera_Phoridae"	0	1	1	0.0037	0	"prey"	1
"H_0413_Hymenoptera_Formica"	0.145370538047883	0.854629461952117	1	0.0037	0	"prey"	1
"H_0415_Hymenoptera_Hymenoptera"	0.198333947235657	0.801666052764343	2	0.0074	0	"prey"	3
"H_0416_Hymenoptera_Halictidae"	0.145370538047883	0.854629461952117	1	0.0037	0	"prey"	1
"H_0425_Diptera_Cecidomyiidae"	0.103125421182066	0.896874578817934	2	0.0074	0	"prey"	4
"H_0426_Diptera_Cecidomyiidae"	0.140846862653325	0.859153137346675	2	0.0074	0	"prey"	5
"H_0427_Orthoptera_Tettigoniidae"	0.0883654134635063	0.911634586536494	1	0.0037	0	"prey"	1
"H_0433_Hemiptera_Cicadellidae"	0.0883654134635063	0.911634586536494	1	0.0037	0	"prey"	1
"H_0434_Lepidoptera_Geometridae"	0.143661318036008	0.856338681963992	3	0.0111	0.0034	"prey"	4
"H_0443_Diptera_Pseudolycoriella"	0.333852770960831	0.666147229039169	2	0.0074	0.0081	"prey"	2
"H_0445_Lepidoptera_Noctuidae"	0.145370538047883	0.854629461952117	1	0.0037	0	"prey"	1
"H_0457_Hemiptera_Empoascanara"	0.100765056933981	0.899234943066019	2	0.0074	0	"prey"	4
"H_0462_Hymenoptera_Formicidae"	0.208201883109471	0.791798116890529	2	0.0074	0	"prey"	6
"H_0465_Diptera_Forcipomyia"	0	1	1	0.0037	0	"prey"	1
"H_0467_Hymenoptera_Formicidae"	0	1	1	0.0037	0	"prey"	1
"H_0469_Lepidoptera_Lepidoptera"	0.278763090272676	0.721236909727324	2	0.0074	0	"prey"	3
"H_0470_Diptera_Cecidomyiidae"	0	1	1	0.0037	0	"prey"	1
"H_0473_Hemiptera_Cicadellidae"	0.180756369930566	0.819243630069434	3	0.0111	0.0058	"prey"	4
"H_0476_Diptera_Diptera"	0.0760451495655692	0.923954850434431	2	0.0074	0.0128	"prey"	2
"H_0480_Diptera_Diptera"	0.0503926249015663	0.949607375098434	5	0.0185	0	"prey"	16
"H_0487_Collembola_Homidia"	0.0325888325202177	0.967411167479782	2	0.0074	0	"prey"	3
"H_0491_Hemiptera_Peirates"	0.145370538047883	0.854629461952117	1	0.0037	0	"prey"	1
"H_0492_Diptera_Diptera"	0	1	1	0.0037	0	"prey"	1
"H_0497_Lepidoptera_Ostrinia"	0.0883654134635063	0.911634586536494	1	0.0037	0	"prey"	1
"H_0505_Lepidoptera_Crambidae"	0.564236489236903	0.435763510763097	1	0.0037	0	"prey"	1
"H_0507_Lepidoptera_Crambidae"	0.0883654134635063	0.911634586536494	1	0.0037	0	"prey"	1
"H_0508_Diptera_Cecidomyiidae"	0	1	2	0.0074	0.0104	"prey"	2
"H_0513_Diptera_Cecidomyiidae"	0.243051380593594	0.756948619406406	5	0.0185	0.0304	"prey"	6
"H_0522_Lepidoptera_Pelopidas.mathias"	0.0252413390925364	0.974758660907464	3	0.0111	0	"prey"	5
"H_0527_Diptera_Diptera"	0.0883654134635063	0.911634586536494	1	0.0037	0	"prey"	1
"H_0528_Diptera_Tipulidae"	0.292082393634631	0.707917606365369	2	0.0074	0.0033	"prey"	2
"H_0534_Diptera_Cecidomyiidae"	0.491050063412499	0.508949936587501	1	0.0037	0	"prey"	1
"H_0538_Diptera_Cecidomyiidae"	0	1	1	0.0037	0	"prey"	1
"H_0550_Diptera_Cricotopus"	0.163377321933548	0.836622678066452	2	0.0074	0	"prey"	3
"H_0557_Neuroptera_Neuroptera"	0	1	1	0.0037	0	"prey"	1
"H_0565_Diptera_Cecidomyiidae"	0	1	1	0.0037	0	"prey"	1
"H_0566_Diptera_Megaselia"	0.133916133232293	0.866083866767707	1	0.0037	0	"prey"	4
"H_0571_Lepidoptera_Noctuidae"	0.0531960932824439	0.946803906717556	2	0.0074	0	"prey"	3
"H_0588_Hemiptera_Hemiptera"	0	1	1	0.0037	0	"prey"	1
"H_0598_Diptera_Cecidomyiidae"	0.882240073084611	0.117759926915389	1	0.0037	0	"prey"	1
"H_0603_Diptera_Chironomidae"	0.137691263452151	0.862308736547849	2	0.0074	0	"prey"	3
"H_0609_Coleoptera_Coleoptera"	0	1	1	0.0037	0	"prey"	1
"H_0611_Hymenoptera_Halictidae"	0.145370538047883	0.854629461952117	1	0.0037	0	"prey"	1
"H_0620_Lepidoptera_Lepidoptera"	0	1	1	0.0037	0	"prey"	1
"H_0637_Diptera_Phoridae"	0	1	1	0.0037	0	"prey"	1
"H_0644_Hemiptera_Aleyrodidae"	0.145370538047883	0.854629461952117	1	0.0037	0	"prey"	1
"H_0649_Diptera_Neoplatyura"	0	1	1	0.0037	0	"prey"	1
"H_0650_Diptera_Cecidomyiidae"	0	1	1	0.0037	0	"prey"	1
"H_0651_Hymenoptera_Formica"	0.145370538047883	0.854629461952117	1	0.0037	0	"prey"	1
"H_0655_Diptera_Cecidomyiidae"	0.564236489236903	0.435763510763097	1	0.0037	0	"prey"	1
"H_0666_Diptera_Cecidomyiidae"	0.0157541809380356	0.984245819061964	4	0.0148	0.0143	"prey"	7
"H_0671_Diptera_Cecidomyiidae"	0.0883654134635063	0.911634586536494	1	0.0037	0	"prey"	1
"H_0674_Diptera_Dolichosciara"	0.145370538047883	0.854629461952117	1	0.0037	0	"prey"	1
"H_0676_Orthoptera_Gryllidae"	0.0760451495655692	0.923954850434431	2	0.0074	0.0128	"prey"	2
"H_0677_Diptera_Diptera"	0.169428440757132	0.830571559242868	1	0.0037	0	"prey"	2
"H_0687_Lepidoptera_Lepidoptera"	0.0883654134635063	0.911634586536494	1	0.0037	0	"prey"	1
"H_0688_Orthoptera_Loxoblemmus.equestris"	0	1	2	0.0074	0.0104	"prey"	2
"H_0695_Lepidoptera_Lepidoptera"	0.335007860858538	0.664992139141462	3	0.0111	0.0211	"prey"	3
"H_0701_Lepidoptera_Lepidoptera"	0.0883654134635063	0.911634586536494	1	0.0037	0	"prey"	1
"H_0707_Diptera_Diptera"	0.0883654134635063	0.911634586536494	1	0.0037	0	"prey"	1
"H_0718_Hymenoptera_Trichogramma"	0.145370538047883	0.854629461952117	1	0.0037	0	"prey"	1
"H_0719_Diptera_Tipulidae"	0	1	1	0.0037	0	"prey"	1
"H_0728_Lepidoptera_Lepidoptera"	0	1	1	0.0037	0	"prey"	1
"H_0742_Diptera_Cecidomyiidae"	0.0883654134635063	0.911634586536494	1	0.0037	0	"prey"	1
"H_0751_Hemiptera_Cicadellidae"	0.0769783312164727	0.923021668783527	1	0.0037	0	"prey"	2
"H_0752_Diptera_Diptera"	0	1	1	0.0037	0	"prey"	1
"H_0760_Hemiptera_Cicadellidae"	0.169428440757132	0.830571559242868	1	0.0037	0	"prey"	2
"H_0762_Diptera_Sciaridae"	0.0883654134635063	0.911634586536494	1	0.0037	0	"prey"	1
"H_0766_Coleoptera_Coleoptera"	0.145370538047883	0.854629461952117	1	0.0037	0	"prey"	1
"H_0781_Collembola_Collembola"	0.491050063412499	0.508949936587501	1	0.0037	0	"prey"	1
"H_0782_Diptera_Diptera"	0.145370538047883	0.854629461952117	1	0.0037	0	"prey"	1
"H_0790_Hemiptera_Geocoris"	0	1	1	0.0037	0	"prey"	1
"H_0791_Lepidoptera_Lepidoptera"	0.145370538047883	0.854629461952117	1	0.0037	0	"prey"	1
"H_0792_Diptera_Diptera"	0.145370538047883	0.854629461952117	1	0.0037	0	"prey"	1
"H_0793_Diptera_Chironomidae"	0.178158685177272	0.821841314822728	2	0.0074	0	"prey"	3
"H_0799_Hemiptera_Aphididae"	0.0883654134635063	0.911634586536494	1	0.0037	0	"prey"	1
"H_0806_Hemiptera_Bemisia.tabaci"	0.229068630347611	0.770931369652389	1	0.0037	0	"prey"	2
"H_0807_Lepidoptera_Mythimna.separata"	0.0883654134635063	0.911634586536494	1	0.0037	0	"prey"	1
"H_0810_Diptera_Culicoides"	0	1	1	0.0037	0	"prey"	1
"H_0813_Hemiptera_Issidae"	0.0883654134635063	0.911634586536494	1	0.0037	0	"prey"	1
"H_0814_Diptera_Diptera"	0.229068630347611	0.770931369652389	1	0.0037	0	"prey"	2
"H_0815_Lepidoptera_Lepidoptera"	0	1	1	0.0037	0	"prey"	1
"H_0834_Diptera_Cecidomyiidae"	0.0298200947952393	0.970179905204761	2	0.0074	0.0084	"prey"	2
"H_0836_Diptera_Culicidae"	0.0883654134635063	0.911634586536494	1	0.0037	0	"prey"	1
"H_0864_Diptera_Diptera"	0.0883654134635063	0.911634586536494	1	0.0037	0	"prey"	1
"H_0866_Diptera_Chrysotus"	0.145370538047883	0.854629461952117	1	0.0037	0	"prey"	1
"H_0870_Lepidoptera_Lepidoptera"	0.813354931751445	0.186645068248555	1	0.0037	0	"prey"	1
"H_0871_Diptera_Cecidomyiidae"	0.273430082756724	0.726569917243276	1	0.0037	0	"prey"	1
"H_0873_Diptera_Diptera"	0.145370538047883	0.854629461952117	1	0.0037	0	"prey"	1
"H_0884_Diptera_Cecidomyiidae"	0.273430082756724	0.726569917243276	1	0.0037	0	"prey"	1
"H_0888_Orthoptera_Gryllidae"	0.145370538047883	0.854629461952117	1	0.0037	0	"prey"	1
"H_0893_Diptera_Cecidomyiidae"	0.564236489236903	0.435763510763097	1	0.0037	0	"prey"	1
"H_0905_Diptera_Drosophilidae"	0.273430082756724	0.726569917243276	1	0.0037	0	"prey"	1
"H_0908_Lepidoptera_Ctenoplusia"	0.0760451495655692	0.923954850434431	2	0.0074	0.0128	"prey"	2
"H_0920_Hemiptera_Laodelphax.striatellus"	0.24090397122875	0.75909602877125	3	0.0111	0.0207	"prey"	3
"H_0921_Diptera_Cecidomyiidae"	0.491050063412499	0.508949936587501	1	0.0037	0	"prey"	1
"H_0922_Orthoptera_Dianemobius"	0.0531960932824439	0.946803906717556	2	0.0074	0	"prey"	3
"H_0923_Diptera_Tipulidae"	0	1	1	0.0037	0	"prey"	1
"H_0924_Coleoptera_Chrysomelidae"	0.145370538047883	0.854629461952117	1	0.0037	0	"prey"	1
"H_0926_Hymenoptera_Formicidae"	0.145370538047883	0.854629461952117	1	0.0037	0	"prey"	1
"H_0927_Diptera_Cecidomyiidae"	0.145370538047883	0.854629461952117	1	0.0037	0	"prey"	1
"H_0928_Orthoptera_Gryllidae"	0.145370538047883	0.854629461952117	1	0.0037	0	"prey"	1
"H_0929_Coleoptera_Chrysomelidae"	0.145370538047883	0.854629461952117	1	0.0037	0	"prey"	1
"H_0932_Diptera_Cecidomyiidae"	0.0883654134635063	0.911634586536494	1	0.0037	0	"prey"	1
"H_0945_Diptera_Cecidomyiidae"	0.646720219253834	0.353279780746166	1	0.0037	0	"prey"	1
"H_0948_Diptera_Cecidomyiidae"	0.882240073084611	0.117759926915389	1	0.0037	0	"prey"	1
"H_0952_Diptera_Phoridae"	0.0883654134635063	0.911634586536494	1	0.0037	0	"prey"	1
"H_0960_Hemiptera_Aphididae"	0.106715946515573	0.893284053484427	3	0.0111	0	"prey"	8
"H_0967_Diptera_Cecidomyiidae"	0.145370538047883	0.854629461952117	1	0.0037	0	"prey"	1
"H_0968_Hemiptera_Cicadellidae"	0.145370538047883	0.854629461952117	1	0.0037	0	"prey"	1
"H_0970_Diptera_Cecidomyiidae"	0	1	1	0.0037	0	"prey"	1
"H_0973_Hemiptera_Cicadellidae"	0.491050063412499	0.508949936587501	1	0.0037	0	"prey"	1
"H_0977_Orthoptera_Velarifictorus.ornatus"	0.0325888325202177	0.967411167479782	2	0.0074	0	"prey"	3
"H_0978_Diptera_Cecidomyiidae"	0	1	1	0.0037	0	"prey"	1
"H_0979_Diptera_Sciaridae"	0.273430082756724	0.726569917243276	1	0.0037	0	"prey"	1
"H_0980_Diptera_Dolichopus"	0	1	1	0.0037	0	"prey"	1
"H_0986_Diptera_Chironomidae"	0.145370538047883	0.854629461952117	1	0.0037	0	"prey"	1
"H_0995_Lepidoptera_Spodoptera"	0.273430082756724	0.726569917243276	1	0.0037	0	"prey"	1
"H_0996_Hymenoptera_Ceraphronidae"	0	1	1	0.0037	0	"prey"	1
"H_0997_Lepidoptera_Helicoverpa"	0.564236489236903	0.435763510763097	1	0.0037	0	"prey"	1
"H_0998_Diptera_Sciara"	0.0883654134635063	0.911634586536494	1	0.0037	0	"prey"	1
"H_1000_Diptera_Limoniidae"	0.273430082756724	0.726569917243276	1	0.0037	0	"prey"	1
"H_1005_Lepidoptera_Crambidae"	0	1	1	0.0037	0	"prey"	1
"H_1012_Coleoptera_Coleoptera"	0	1	1	0.0037	0	"prey"	1
"H_1039_Orthoptera_Loxoblemmus"	0.0883654134635063	0.911634586536494	1	0.0037	0	"prey"	1
"H_1041_Diptera_Chrysotus"	0	1	1	0.0037	0	"prey"	1
"H_1042_Lepidoptera_Lepidoptera"	0	1	1	0.0037	0	"prey"	1
"H_1043_Lepidoptera_Noctuidae"	0	1	2	0.0074	0.0104	"prey"	2
"H_1044_Diptera_Diptera"	0	1	1	0.0037	0	"prey"	1
"H_1049_Diptera_Cecidomyiidae"	0	1	1	0.0037	0	"prey"	1
"H_1064_Diptera_Corynoptera"	0.0883654134635063	0.911634586536494	1	0.0037	0	"prey"	1
"H_1065_Diptera_Sciaridae"	0	1	1	0.0037	0	"prey"	1
"H_1067_Hemiptera_Sphedanolestes"	0.0883654134635063	0.911634586536494	1	0.0037	0	"prey"	1
"H_1072_Orthoptera_Tettigoniidae"	0.0883654134635063	0.911634586536494	1	0.0037	0	"prey"	1
"H_1073_Lepidoptera_Geometridae"	0.0883654134635063	0.911634586536494	1	0.0037	0	"prey"	1
"H_1110_Coleoptera_Chrysomelidae"	0.145370538047883	0.854629461952117	1	0.0037	0	"prey"	1
"H_1114_Lepidoptera_Noctuidae"	0.145370538047883	0.854629461952117	1	0.0037	0	"prey"	1
"H_1133_Lepidoptera_Lepidoptera"	0.145370538047883	0.854629461952117	1	0.0037	0	"prey"	1
"H_1155_Lepidoptera_Lepidoptera"	0.145370538047883	0.854629461952117	1	0.0037	0	"prey"	1
"H_1185_Coleoptera_Coleoptera"	0.145370538047883	0.854629461952117	1	0.0037	0	"prey"	1
"H_1194_Orthoptera_Conocephalus.maculatus"	0.161355427498968	0.838644572501032	3	0.0111	0.0051	"prey"	4
