科名	4	5	6	7	8	9	10	11
ハサミムシ科	0	0	0	0	0	1	1	0
ハナカメムシ科	0	1	1	2	1	0	0	1
ツヤコバチ科	1	0	0	0	0	0	1	0
コマユバチ科	1	4	1	0	1	0	9	3
ジョウカイボン科	1	1	0	0	0	0	0	1
オサムシ科	0	0	1	0	0	0	1	0
ヒゲナガクロバチ科	0	1	0	14	2	1	0	0
ヌカカ科	4	4	0	3	0	2	2	0
ヒメカゲロウ科	0	0	0	0	0	0	2	0
テントウムシ科	0	0	0	0	1	0	4	2
イトトンボ科	0	0	0	0	1	0	0	0
カ科	0	0	0	0	0	6	113	7
ハエヤドリクロバチ科	0	0	0	0	0	0	2	1
オドリバエ科	12	0	0	0	0	0	0	0
ヒメコバチ科	1	2	0	8	1	0	1	1
アリ科	0	27	10	106	51	35	18	3
クシヒゲネジレバネ科	0	0	0	0	1	0	0	0
セダカオドリバエ科	0	0	1	0	0	0	0	0
ヒメバチ科	1	2	1	6	0	0	0	0
トンボ科	0	0	0	0	1	0	0	0
イシムカデ科	0	0	0	0	0	0	1	0
カマキリモドキ科	0	0	0	0	1	0	2	0
オオモンクロバチ科	0	0	1	0	0	0	0	0
アタマバエ科	0	0	0	1	0	1	8	1
シリボソクロバチ科	1	0	0	0	0	0	0	0
コガネコバチ科	0	1	0	0	0	0	0	1
サシガメ科	0	0	0	0	0	2	0	0
ミズギワカメムシ科	0	0	0	0	0	0	0	1
タマゴクロバチ科	0	0	0	0	1	0	0	0
ヤチバエ科	0	0	0	0	0	0	1	0
ヤドリバエ科	0	1	0	1	0	0	3	1
タマゴヤドリコバチ科	0	0	0	3	0	3	0	1
