# v2.0.0
# ./Infomap prey.id.prey.matrix.agg.4.txt_adj.txt . --clu --ftree
# started at 2022-01-24 12:15:29
# completed in 0.2801 s
# partitioned into 3 levels with 961 top modules
# codelength 4.54776 bits
# relative codelength savings 24.8242%
# module level 1
# node_id module flow
1 1 0.0711382
240 1 0.0101626
184 1 0.00609756
62 1 0.00406504
225 1 0.00406504
351 1 0.00406504
376 1 0.00406504
1079 1 0.00406504
139 1 0.00203252
142 1 0.00203252
154 1 0.00203252
194 1 0.00203252
211 1 0.00203252
219 1 0.00203252
228 1 0.00203252
270 1 0.00203252
276 1 0.00203252
346 1 0.00203252
373 1 0.00203252
488 1 0.00203252
582 1 0.00203252
595 1 0.00203252
751 1 0.00203252
824 1 0.00203252
19 2 0.0691057
56 2 0.0162602
71 2 0.00813008
92 2 0.00406504
114 2 0.00406504
226 2 0.00406504
202 2 0.00203252
220 2 0.00203252
232 2 0.00203252
315 2 0.00203252
337 2 0.00203252
349 2 0.00203252
392 2 0.00203252
474 2 0.00203252
546 2 0.00203252
570 2 0.00203252
739 2 0.00203252
750 2 0.00203252
840 2 0.00203252
1007 2 0.00203252
1080 2 0.00203252
22 3 0.0609756
128 3 0.0365854
143 3 0.0142276
97 3 0.00203252
161 3 0.00203252
162 3 0.00203252
166 3 0.00203252
190 3 0.00203252
198 3 0.00203252
305 3 0.00203252
380 3 0.00203252
821 3 0.00203252
1042 3 0.00203252
1086 3 0.00203252
4 4 0.0670732
70 4 0.0101626
93 4 0.0101626
449 4 0.0101626
607 4 0.00609756
343 4 0.00406504
102 4 0.00203252
168 4 0.00203252
176 4 0.00203252
185 4 0.00203252
264 4 0.00203252
342 4 0.00203252
478 4 0.00203252
533 4 0.00203252
737 4 0.00203252
971 4 0.00203252
1099 4 0.00203252
24 5 0.0691057
80 5 0.0142276
177 5 0.0101626
427 5 0.00813008
30 5 0.00203252
76 5 0.00203252
248 5 0.00203252
463 5 0.00203252
543 5 0.00203252
545 5 0.00203252
635 5 0.00203252
683 5 0.00203252
782 5 0.00203252
803 5 0.00203252
823 5 0.00203252
973 5 0.00203252
3 6 0.0528455
146 6 0.0121951
57 6 0.00813008
153 6 0.00813008
284 6 0.00406504
60 6 0.00203252
103 6 0.00203252
105 6 0.00203252
115 6 0.00203252
261 6 0.00203252
272 6 0.00203252
281 6 0.00203252
416 6 0.00203252
440 6 0.00203252
560 6 0.00203252
878 6 0.00203252
21 7 0.0406504
148 7 0.0101626
195 7 0.00813008
407 7 0.00609756
222 7 0.00406504
253 7 0.00406504
15 7 0.00203252
95 7 0.00203252
144 7 0.00203252
218 7 0.00203252
326 7 0.00203252
357 7 0.00203252
428 7 0.00203252
644 7 0.00203252
2 8 0.00609756
600 8 0.00406504
131 8 0.00203252
634 8 0.00203252
6 8 0.00609756
806 8 0.00406504
497 8 0.00203252
26 9 0.00609756
118 9 0.00609756
138 9 0.00609756
165 9 0.00203252
32 10 0.00813008
324 10 0.00813008
16 10 0.00203252
537 10 0.00203252
8 11 0.00813008
213 11 0.00406504
320 11 0.00406504
706 11 0.00203252
29 12 0.00813008
182 12 0.00203252
341 12 0.00203252
613 12 0.00203252
28 13 0.00406504
90 13 0.00203252
249 13 0.00203252
31 14 0.00406504
839 14 0.00203252
27 15 0.00406504
411 15 0.00203252
12 16 0.00406504
1083 16 0.00203252
356 17 0.00406504
23 17 0.00203252
25 18 0.00203252
91 18 0.00203252
20 19 0
18 20 0
17 21 0
14 22 0
13 23 0
11 24 0
10 25 0
9 26 0
7 27 0
5 28 0
33 29 0
34 30 0
35 31 0
36 32 0
37 33 0
38 34 0
39 35 0
40 36 0
41 37 0
42 38 0
43 39 0
44 40 0
45 41 0
46 42 0
47 43 0
48 44 0
49 45 0
50 46 0
51 47 0
52 48 0
53 49 0
54 50 0
55 51 0
58 52 0
59 53 0
61 54 0
63 55 0
64 56 0
65 57 0
66 58 0
67 59 0
68 60 0
69 61 0
72 62 0
73 63 0
74 64 0
75 65 0
77 66 0
78 67 0
79 68 0
81 69 0
82 70 0
83 71 0
84 72 0
85 73 0
86 74 0
87 75 0
88 76 0
89 77 0
94 78 0
96 79 0
98 80 0
99 81 0
100 82 0
101 83 0
104 84 0
106 85 0
107 86 0
108 87 0
109 88 0
110 89 0
111 90 0
112 91 0
113 92 0
116 93 0
117 94 0
119 95 0
120 96 0
121 97 0
122 98 0
123 99 0
124 100 0
125 101 0
126 102 0
127 103 0
129 104 0
130 105 0
132 106 0
133 107 0
134 108 0
135 109 0
136 110 0
137 111 0
140 112 0
141 113 0
145 114 0
147 115 0
149 116 0
150 117 0
151 118 0
152 119 0
155 120 0
156 121 0
157 122 0
158 123 0
159 124 0
160 125 0
163 126 0
164 127 0
167 128 0
169 129 0
170 130 0
171 131 0
172 132 0
173 133 0
174 134 0
175 135 0
178 136 0
179 137 0
180 138 0
181 139 0
183 140 0
186 141 0
187 142 0
188 143 0
189 144 0
191 145 0
192 146 0
193 147 0
196 148 0
197 149 0
199 150 0
200 151 0
201 152 0
203 153 0
204 154 0
205 155 0
206 156 0
207 157 0
208 158 0
209 159 0
210 160 0
212 161 0
214 162 0
215 163 0
216 164 0
217 165 0
221 166 0
223 167 0
224 168 0
227 169 0
229 170 0
230 171 0
231 172 0
233 173 0
234 174 0
235 175 0
236 176 0
237 177 0
238 178 0
239 179 0
241 180 0
242 181 0
243 182 0
244 183 0
245 184 0
246 185 0
247 186 0
250 187 0
251 188 0
252 189 0
254 190 0
255 191 0
256 192 0
257 193 0
258 194 0
259 195 0
260 196 0
262 197 0
263 198 0
265 199 0
266 200 0
267 201 0
268 202 0
269 203 0
271 204 0
273 205 0
274 206 0
275 207 0
277 208 0
278 209 0
279 210 0
280 211 0
282 212 0
283 213 0
285 214 0
286 215 0
287 216 0
288 217 0
289 218 0
290 219 0
291 220 0
292 221 0
293 222 0
294 223 0
295 224 0
296 225 0
297 226 0
298 227 0
299 228 0
300 229 0
301 230 0
302 231 0
303 232 0
304 233 0
306 234 0
307 235 0
308 236 0
309 237 0
310 238 0
311 239 0
312 240 0
313 241 0
314 242 0
316 243 0
317 244 0
318 245 0
319 246 0
321 247 0
322 248 0
323 249 0
325 250 0
327 251 0
328 252 0
329 253 0
330 254 0
331 255 0
332 256 0
333 257 0
334 258 0
335 259 0
336 260 0
338 261 0
339 262 0
340 263 0
344 264 0
345 265 0
347 266 0
348 267 0
350 268 0
352 269 0
353 270 0
354 271 0
355 272 0
358 273 0
359 274 0
360 275 0
361 276 0
362 277 0
363 278 0
364 279 0
365 280 0
366 281 0
367 282 0
368 283 0
369 284 0
370 285 0
371 286 0
372 287 0
374 288 0
375 289 0
377 290 0
378 291 0
379 292 0
381 293 0
382 294 0
383 295 0
384 296 0
385 297 0
386 298 0
387 299 0
388 300 0
389 301 0
390 302 0
391 303 0
393 304 0
394 305 0
395 306 0
396 307 0
397 308 0
398 309 0
399 310 0
400 311 0
401 312 0
402 313 0
403 314 0
404 315 0
405 316 0
406 317 0
408 318 0
409 319 0
410 320 0
412 321 0
413 322 0
414 323 0
415 324 0
417 325 0
418 326 0
419 327 0
420 328 0
421 329 0
422 330 0
423 331 0
424 332 0
425 333 0
426 334 0
429 335 0
430 336 0
431 337 0
432 338 0
433 339 0
434 340 0
435 341 0
436 342 0
437 343 0
438 344 0
439 345 0
441 346 0
442 347 0
443 348 0
444 349 0
445 350 0
446 351 0
447 352 0
448 353 0
450 354 0
451 355 0
452 356 0
453 357 0
454 358 0
455 359 0
456 360 0
457 361 0
458 362 0
459 363 0
460 364 0
461 365 0
462 366 0
464 367 0
465 368 0
466 369 0
467 370 0
468 371 0
469 372 0
470 373 0
471 374 0
472 375 0
473 376 0
475 377 0
476 378 0
477 379 0
479 380 0
480 381 0
481 382 0
482 383 0
483 384 0
484 385 0
485 386 0
486 387 0
487 388 0
489 389 0
490 390 0
491 391 0
492 392 0
493 393 0
494 394 0
495 395 0
496 396 0
498 397 0
499 398 0
500 399 0
501 400 0
502 401 0
503 402 0
504 403 0
505 404 0
506 405 0
507 406 0
508 407 0
509 408 0
510 409 0
511 410 0
512 411 0
513 412 0
514 413 0
515 414 0
516 415 0
517 416 0
518 417 0
519 418 0
520 419 0
521 420 0
522 421 0
523 422 0
524 423 0
525 424 0
526 425 0
527 426 0
528 427 0
529 428 0
530 429 0
531 430 0
532 431 0
534 432 0
535 433 0
536 434 0
538 435 0
539 436 0
540 437 0
541 438 0
542 439 0
544 440 0
547 441 0
548 442 0
549 443 0
550 444 0
551 445 0
552 446 0
553 447 0
554 448 0
555 449 0
556 450 0
557 451 0
558 452 0
559 453 0
561 454 0
562 455 0
563 456 0
564 457 0
565 458 0
566 459 0
567 460 0
568 461 0
569 462 0
571 463 0
572 464 0
573 465 0
574 466 0
575 467 0
576 468 0
577 469 0
578 470 0
579 471 0
580 472 0
581 473 0
583 474 0
584 475 0
585 476 0
586 477 0
587 478 0
588 479 0
589 480 0
590 481 0
591 482 0
592 483 0
593 484 0
594 485 0
596 486 0
597 487 0
598 488 0
599 489 0
601 490 0
602 491 0
603 492 0
604 493 0
605 494 0
606 495 0
608 496 0
609 497 0
610 498 0
611 499 0
612 500 0
614 501 0
615 502 0
616 503 0
617 504 0
618 505 0
619 506 0
620 507 0
621 508 0
622 509 0
623 510 0
624 511 0
625 512 0
626 513 0
627 514 0
628 515 0
629 516 0
630 517 0
631 518 0
632 519 0
633 520 0
636 521 0
637 522 0
638 523 0
639 524 0
640 525 0
641 526 0
642 527 0
643 528 0
645 529 0
646 530 0
647 531 0
648 532 0
649 533 0
650 534 0
651 535 0
652 536 0
653 537 0
654 538 0
655 539 0
656 540 0
657 541 0
658 542 0
659 543 0
660 544 0
661 545 0
662 546 0
663 547 0
664 548 0
665 549 0
666 550 0
667 551 0
668 552 0
669 553 0
670 554 0
671 555 0
672 556 0
673 557 0
674 558 0
675 559 0
676 560 0
677 561 0
678 562 0
679 563 0
680 564 0
681 565 0
682 566 0
684 567 0
685 568 0
686 569 0
687 570 0
688 571 0
689 572 0
690 573 0
691 574 0
692 575 0
693 576 0
694 577 0
695 578 0
696 579 0
697 580 0
698 581 0
699 582 0
700 583 0
701 584 0
702 585 0
703 586 0
704 587 0
705 588 0
707 589 0
708 590 0
709 591 0
710 592 0
711 593 0
712 594 0
713 595 0
714 596 0
715 597 0
716 598 0
717 599 0
718 600 0
719 601 0
720 602 0
721 603 0
722 604 0
723 605 0
724 606 0
725 607 0
726 608 0
727 609 0
728 610 0
729 611 0
730 612 0
731 613 0
732 614 0
733 615 0
734 616 0
735 617 0
736 618 0
738 619 0
740 620 0
741 621 0
742 622 0
743 623 0
744 624 0
745 625 0
746 626 0
747 627 0
748 628 0
749 629 0
752 630 0
753 631 0
754 632 0
755 633 0
756 634 0
757 635 0
758 636 0
759 637 0
760 638 0
761 639 0
762 640 0
763 641 0
764 642 0
765 643 0
766 644 0
767 645 0
768 646 0
769 647 0
770 648 0
771 649 0
772 650 0
773 651 0
774 652 0
775 653 0
776 654 0
777 655 0
778 656 0
779 657 0
780 658 0
781 659 0
783 660 0
784 661 0
785 662 0
786 663 0
787 664 0
788 665 0
789 666 0
790 667 0
791 668 0
792 669 0
793 670 0
794 671 0
795 672 0
796 673 0
797 674 0
798 675 0
799 676 0
800 677 0
801 678 0
802 679 0
804 680 0
805 681 0
807 682 0
808 683 0
809 684 0
810 685 0
811 686 0
812 687 0
813 688 0
814 689 0
815 690 0
816 691 0
817 692 0
818 693 0
819 694 0
820 695 0
822 696 0
825 697 0
826 698 0
827 699 0
828 700 0
829 701 0
830 702 0
831 703 0
832 704 0
833 705 0
834 706 0
835 707 0
836 708 0
837 709 0
838 710 0
841 711 0
842 712 0
843 713 0
844 714 0
845 715 0
846 716 0
847 717 0
848 718 0
849 719 0
850 720 0
851 721 0
852 722 0
853 723 0
854 724 0
855 725 0
856 726 0
857 727 0
858 728 0
859 729 0
860 730 0
861 731 0
862 732 0
863 733 0
864 734 0
865 735 0
866 736 0
867 737 0
868 738 0
869 739 0
870 740 0
871 741 0
872 742 0
873 743 0
874 744 0
875 745 0
876 746 0
877 747 0
879 748 0
880 749 0
881 750 0
882 751 0
883 752 0
884 753 0
885 754 0
886 755 0
887 756 0
888 757 0
889 758 0
890 759 0
891 760 0
892 761 0
893 762 0
894 763 0
895 764 0
896 765 0
897 766 0
898 767 0
899 768 0
900 769 0
901 770 0
902 771 0
903 772 0
904 773 0
905 774 0
906 775 0
907 776 0
908 777 0
909 778 0
910 779 0
911 780 0
912 781 0
913 782 0
914 783 0
915 784 0
916 785 0
917 786 0
918 787 0
919 788 0
920 789 0
921 790 0
922 791 0
923 792 0
924 793 0
925 794 0
926 795 0
927 796 0
928 797 0
929 798 0
930 799 0
931 800 0
932 801 0
933 802 0
934 803 0
935 804 0
936 805 0
937 806 0
938 807 0
939 808 0
940 809 0
941 810 0
942 811 0
943 812 0
944 813 0
945 814 0
946 815 0
947 816 0
948 817 0
949 818 0
950 819 0
951 820 0
952 821 0
953 822 0
954 823 0
955 824 0
956 825 0
957 826 0
958 827 0
959 828 0
960 829 0
961 830 0
962 831 0
963 832 0
964 833 0
965 834 0
966 835 0
967 836 0
968 837 0
969 838 0
970 839 0
972 840 0
974 841 0
975 842 0
976 843 0
977 844 0
978 845 0
979 846 0
980 847 0
981 848 0
982 849 0
983 850 0
984 851 0
985 852 0
986 853 0
987 854 0
988 855 0
989 856 0
990 857 0
991 858 0
992 859 0
993 860 0
994 861 0
995 862 0
996 863 0
997 864 0
998 865 0
999 866 0
1000 867 0
1001 868 0
1002 869 0
1003 870 0
1004 871 0
1005 872 0
1006 873 0
1008 874 0
1009 875 0
1010 876 0
1011 877 0
1012 878 0
1013 879 0
1014 880 0
1015 881 0
1016 882 0
1017 883 0
1018 884 0
1019 885 0
1020 886 0
1021 887 0
1022 888 0
1023 889 0
1024 890 0
1025 891 0
1026 892 0
1027 893 0
1028 894 0
1029 895 0
1030 896 0
1031 897 0
1032 898 0
1033 899 0
1034 900 0
1035 901 0
1036 902 0
1037 903 0
1038 904 0
1039 905 0
1040 906 0
1041 907 0
1043 908 0
1044 909 0
1045 910 0
1046 911 0
1047 912 0
1048 913 0
1049 914 0
1050 915 0
1051 916 0
1052 917 0
1053 918 0
1054 919 0
1055 920 0
1056 921 0
1057 922 0
1058 923 0
1059 924 0
1060 925 0
1061 926 0
1062 927 0
1063 928 0
1064 929 0
1065 930 0
1066 931 0
1067 932 0
1068 933 0
1069 934 0
1070 935 0
1071 936 0
1072 937 0
1073 938 0
1074 939 0
1075 940 0
1076 941 0
1077 942 0
1078 943 0
1081 944 0
1082 945 0
1084 946 0
1085 947 0
1087 948 0
1088 949 0
1089 950 0
1090 951 0
1091 952 0
1092 953 0
1093 954 0
1094 955 0
1095 956 0
1096 957 0
1097 958 0
1098 959 0
1100 960 0
1101 961 0
